Total block: 4383
Pages per block: 256
PBA	Write Offset	Invalid
0	1088224		250	
1	256		34	
2	256		57	
3	256		220	
4	256		47	
5	256		51	
6	256		211	
7	256		58	
8	256		30	
9	256		47	
10	256		62	
11	256		230	
12	256		50	
13	256		81	
14	256		85	
15	256		89	
16	256		57	
17	256		238	
18	256		29	
19	256		62	
20	256		225	
21	256		71	
22	256		77	
23	256		78	
24	256		76	
25	256		39	
26	256		75	
27	256		223	
28	256		235	
29	256		236	
30	256		232	
31	256		110	
32	256		207	
33	256		211	
34	256		47	
35	256		212	
36	256		32	
37	256		43	
38	256		45	
39	256		77	
40	256		196	
41	256		215	
42	256		60	
43	256		224	
44	256		218	
45	256		226	
46	256		237	
47	256		216	
48	256		213	
49	256		98	
50	256		116	
51	256		49	
52	256		61	
53	256		221	
54	256		213	
55	256		224	
56	256		110	
57	256		118	
58	256		227	
59	256		86	
60	256		233	
61	256		99	
62	256		114	
63	256		126	
64	256		106	
65	256		136	
66	256		191	
67	256		236	
68	256		21	
69	256		229	
70	256		31	
71	256		48	
72	256		31	
73	256		61	
74	256		222	
75	256		79	
76	256		42	
77	256		57	
78	256		65	
79	256		85	
80	256		75	
81	256		240	
82	256		91	
83	256		120	
84	256		235	
85	256		200	
86	256		219	
87	256		231	
88	256		230	
89	256		221	
90	256		95	
91	256		220	
92	256		221	
93	256		216	
94	256		212	
95	256		90	
96	256		202	
97	256		217	
98	256		208	
99	256		214	
100	256		204	
101	256		232	
102	256		205	
103	256		220	
104	256		211	
105	256		221	
106	256		211	
107	256		217	
108	256		227	
109	256		210	
110	256		206	
111	256		232	
112	256		207	
113	256		226	
114	256		229	
115	256		208	
116	256		223	
117	256		214	
118	256		203	
119	256		230	
120	256		231	
121	256		209	
122	256		202	
123	256		192	
124	256		229	
125	256		210	
126	256		228	
127	256		214	
128	256		202	
129	256		236	
130	256		222	
131	256		212	
132	256		216	
133	256		214	
134	256		210	
135	256		225	
136	256		214	
137	256		194	
138	256		219	
139	256		234	
140	256		231	
141	256		232	
142	256		51	
143	256		207	
144	256		205	
145	256		200	
146	256		220	
147	256		207	
148	256		225	
149	256		216	
150	256		203	
151	256		219	
152	256		208	
153	256		230	
154	256		224	
155	256		227	
156	256		232	
157	256		215	
158	256		225	
159	256		206	
160	256		224	
161	256		226	
162	256		223	
163	256		211	
164	256		213	
165	256		235	
166	256		216	
167	256		222	
168	256		229	
169	256		207	
170	256		206	
171	256		212	
172	256		78	
173	256		223	
174	256		203	
175	256		209	
176	256		233	
177	256		210	
178	256		221	
179	256		225	
180	256		207	
181	256		206	
182	256		201	
183	256		203	
184	256		207	
185	256		231	
186	256		234	
187	256		221	
188	256		201	
189	256		211	
190	256		224	
191	256		213	
192	256		194	
193	256		223	
194	256		218	
195	256		200	
196	256		218	
197	256		221	
198	256		227	
199	256		191	
200	256		201	
201	256		192	
202	256		197	
203	256		212	
204	256		212	
205	256		201	
206	256		214	
207	256		216	
208	256		204	
209	256		227	
210	256		228	
211	256		197	
212	256		219	
213	256		191	
214	256		214	
215	256		238	
216	256		203	
217	256		214	
218	256		222	
219	256		226	
220	256		213	
221	256		217	
222	256		224	
223	256		202	
224	256		219	
225	256		227	
226	256		211	
227	256		191	
228	256		218	
229	256		212	
230	256		231	
231	256		230	
232	256		221	
233	256		228	
234	256		233	
235	256		217	
236	256		200	
237	256		226	
238	256		227	
239	256		226	
240	256		206	
241	256		209	
242	256		196	
243	256		223	
244	256		221	
245	256		210	
246	256		204	
247	256		209	
248	256		218	
249	256		237	
250	256		208	
251	256		204	
252	256		213	
253	256		222	
254	256		195	
255	256		215	
256	256		214	
257	256		219	
258	256		200	
259	256		222	
260	256		216	
261	256		233	
262	256		207	
263	256		173	
264	256		212	
265	256		197	
266	256		224	
267	256		198	
268	256		217	
269	256		211	
270	256		211	
271	256		215	
272	256		231	
273	256		26	
274	256		24	
275	256		36	
276	256		36	
277	256		49	
278	256		25	
279	256		48	
280	256		214	
281	256		228	
282	256		11	
283	256		48	
284	256		38	
285	256		48	
286	256		210	
287	256		85	
288	256		199	
289	256		200	
290	256		191	
291	256		211	
292	256		217	
293	256		217	
294	256		237	
295	256		215	
296	256		223	
297	256		219	
298	256		223	
299	256		206	
300	256		225	
301	256		229	
302	256		231	
303	256		225	
304	256		204	
305	256		195	
306	256		211	
307	256		234	
308	256		212	
309	256		213	
310	256		211	
311	256		236	
312	256		189	
313	256		227	
314	256		226	
315	256		222	
316	256		207	
317	256		222	
318	256		205	
319	256		204	
320	256		226	
321	256		227	
322	256		229	
323	256		235	
324	256		226	
325	256		224	
326	256		211	
327	256		196	
328	256		211	
329	256		216	
330	256		235	
331	256		228	
332	256		223	
333	256		222	
334	256		222	
335	256		228	
336	256		199	
337	256		232	
338	256		213	
339	256		188	
340	256		213	
341	256		193	
342	256		223	
343	256		176	
344	256		231	
345	256		231	
346	256		202	
347	256		216	
348	256		231	
349	256		229	
350	256		225	
351	256		214	
352	256		233	
353	256		222	
354	256		214	
355	256		201	
356	256		231	
357	256		211	
358	256		209	
359	256		220	
360	256		232	
361	256		212	
362	256		192	
363	256		194	
364	256		209	
365	256		181	
366	256		227	
367	256		181	
368	256		213	
369	256		194	
370	256		203	
371	256		223	
372	256		231	
373	256		203	
374	256		202	
375	256		215	
376	256		229	
377	256		217	
378	256		209	
379	256		228	
380	256		223	
381	256		231	
382	256		219	
383	256		228	
384	256		199	
385	256		217	
386	256		206	
387	256		210	
388	256		217	
389	256		215	
390	256		201	
391	256		221	
392	256		206	
393	256		220	
394	256		221	
395	256		227	
396	256		228	
397	256		202	
398	256		226	
399	256		211	
400	256		208	
401	256		215	
402	256		212	
403	256		230	
404	256		204	
405	256		210	
406	256		210	
407	256		213	
408	256		203	
409	256		228	
410	256		196	
411	256		220	
412	256		234	
413	256		237	
414	256		197	
415	256		211	
416	256		206	
417	256		207	
418	256		232	
419	256		220	
420	256		234	
421	256		212	
422	256		194	
423	256		214	
424	256		201	
425	256		231	
426	256		231	
427	256		202	
428	256		231	
429	256		224	
430	256		216	
431	256		223	
432	256		218	
433	256		209	
434	256		223	
435	256		207	
436	256		226	
437	256		207	
438	256		217	
439	256		231	
440	256		208	
441	256		201	
442	256		202	
443	256		203	
444	256		226	
445	256		200	
446	256		206	
447	256		217	
448	256		212	
449	256		203	
450	256		216	
451	256		190	
452	256		208	
453	256		219	
454	256		194	
455	256		221	
456	256		198	
457	256		214	
458	256		212	
459	256		192	
460	256		221	
461	256		220	
462	256		217	
463	256		195	
464	256		228	
465	256		221	
466	256		197	
467	256		209	
468	256		197	
469	256		209	
470	256		200	
471	256		210	
472	256		219	
473	256		228	
474	256		198	
475	256		227	
476	256		183	
477	256		218	
478	256		231	
479	256		223	
480	256		211	
481	256		221	
482	256		205	
483	256		207	
484	256		192	
485	256		199	
486	256		225	
487	256		217	
488	256		228	
489	256		217	
490	256		207	
491	256		220	
492	256		185	
493	256		234	
494	256		207	
495	256		216	
496	256		226	
497	256		230	
498	256		210	
499	256		225	
500	256		210	
501	256		201	
502	256		220	
503	256		206	
504	256		198	
505	256		204	
506	256		224	
507	256		185	
508	256		219	
509	256		206	
510	256		221	
511	256		201	
512	256		200	
513	256		198	
514	256		202	
515	256		229	
516	256		205	
517	256		199	
518	256		210	
519	256		210	
520	256		225	
521	256		205	
522	256		213	
523	256		226	
524	256		209	
525	256		221	
526	256		199	
527	256		175	
528	256		211	
529	256		195	
530	256		190	
531	256		228	
532	256		225	
533	256		204	
534	256		213	
535	256		221	
536	256		194	
537	256		206	
538	256		224	
539	256		219	
540	256		210	
541	256		220	
542	256		206	
543	256		218	
544	256		229	
545	256		221	
546	256		227	
547	256		211	
548	256		185	
549	256		220	
550	256		194	
551	256		206	
552	256		197	
553	256		217	
554	256		202	
555	256		211	
556	256		191	
557	256		197	
558	256		189	
559	256		200	
560	256		191	
561	256		214	
562	256		189	
563	256		212	
564	256		231	
565	256		215	
566	256		166	
567	256		199	
568	256		215	
569	256		196	
570	256		207	
571	256		221	
572	256		168	
573	256		199	
574	256		183	
575	256		195	
576	256		197	
577	256		209	
578	256		182	
579	256		187	
580	256		217	
581	256		229	
582	256		191	
583	256		221	
584	256		202	
585	256		206	
586	256		210	
587	256		194	
588	256		203	
589	256		186	
590	256		218	
591	256		187	
592	256		194	
593	256		184	
594	256		200	
595	256		205	
596	256		197	
597	256		226	
598	256		190	
599	256		222	
600	256		194	
601	256		208	
602	256		223	
603	256		173	
604	256		214	
605	256		210	
606	256		213	
607	256		195	
608	256		198	
609	256		204	
610	256		210	
611	256		194	
612	256		199	
613	256		217	
614	256		169	
615	256		203	
616	256		177	
617	256		194	
618	256		213	
619	256		174	
620	256		196	
621	256		211	
622	256		213	
623	256		230	
624	256		187	
625	256		208	
626	256		191	
627	256		207	
628	256		223	
629	256		218	
630	256		222	
631	256		197	
632	256		209	
633	256		215	
634	256		203	
635	256		222	
636	256		208	
637	256		215	
638	256		207	
639	256		213	
640	256		218	
641	256		202	
642	256		209	
643	256		204	
644	256		219	
645	256		200	
646	256		200	
647	256		185	
648	256		207	
649	256		205	
650	256		220	
651	256		204	
652	256		182	
653	256		221	
654	256		224	
655	256		195	
656	256		189	
657	256		172	
658	256		205	
659	256		221	
660	256		208	
661	256		210	
662	256		204	
663	256		207	
664	256		209	
665	256		206	
666	256		199	
667	256		207	
668	256		226	
669	256		203	
670	256		204	
671	256		225	
672	256		211	
673	256		205	
674	256		202	
675	256		205	
676	256		207	
677	256		224	
678	256		194	
679	256		218	
680	256		195	
681	256		213	
682	256		189	
683	256		231	
684	256		209	
685	256		208	
686	256		219	
687	256		199	
688	256		209	
689	256		213	
690	256		220	
691	256		231	
692	256		214	
693	256		202	
694	256		200	
695	256		204	
696	256		226	
697	256		223	
698	256		202	
699	256		213	
700	256		207	
701	256		218	
702	256		224	
703	256		193	
704	256		198	
705	256		199	
706	256		230	
707	256		208	
708	256		213	
709	256		196	
710	256		214	
711	256		209	
712	256		217	
713	256		204	
714	256		222	
715	256		202	
716	256		227	
717	256		207	
718	256		226	
719	256		218	
720	256		234	
721	256		214	
722	256		223	
723	256		203	
724	256		218	
725	256		211	
726	256		207	
727	256		198	
728	256		210	
729	256		185	
730	256		203	
731	256		224	
732	256		226	
733	256		216	
734	256		222	
735	256		228	
736	256		183	
737	256		206	
738	256		209	
739	256		220	
740	256		171	
741	256		213	
742	256		220	
743	256		191	
744	256		215	
745	256		209	
746	256		232	
747	256		196	
748	256		204	
749	256		184	
750	256		212	
751	256		210	
752	256		194	
753	256		179	
754	256		222	
755	256		214	
756	256		179	
757	256		182	
758	256		203	
759	256		222	
760	256		192	
761	256		221	
762	256		191	
763	256		190	
764	256		226	
765	256		211	
766	256		213	
767	256		215	
768	256		199	
769	256		187	
770	256		201	
771	256		211	
772	256		164	
773	256		187	
774	256		190	
775	256		223	
776	256		217	
777	256		201	
778	256		185	
779	256		211	
780	256		185	
781	256		207	
782	256		225	
783	256		186	
784	256		201	
785	256		206	
786	256		203	
787	256		168	
788	256		208	
789	256		200	
790	256		191	
791	256		197	
792	256		185	
793	256		207	
794	256		224	
795	256		193	
796	256		206	
797	256		214	
798	256		180	
799	256		224	
800	256		195	
801	256		224	
802	256		184	
803	256		191	
804	256		205	
805	256		180	
806	256		222	
807	256		186	
808	256		205	
809	256		193	
810	256		207	
811	256		193	
812	256		191	
813	256		212	
814	256		189	
815	256		205	
816	256		208	
817	256		191	
818	256		206	
819	256		211	
820	256		214	
821	256		207	
822	256		219	
823	256		190	
824	256		193	
825	256		212	
826	256		223	
827	256		202	
828	256		208	
829	256		196	
830	256		185	
831	256		204	
832	256		184	
833	256		223	
834	256		222	
835	256		188	
836	256		202	
837	256		184	
838	256		168	
839	256		174	
840	256		189	
841	256		201	
842	256		217	
843	256		202	
844	256		208	
845	256		193	
846	256		217	
847	256		212	
848	256		196	
849	256		193	
850	256		213	
851	256		167	
852	256		208	
853	256		213	
854	256		217	
855	256		212	
856	256		207	
857	256		189	
858	256		192	
859	256		217	
860	256		181	
861	256		200	
862	256		174	
863	256		210	
864	256		203	
865	256		216	
866	256		213	
867	256		209	
868	256		190	
869	256		197	
870	256		210	
871	256		210	
872	256		182	
873	256		205	
874	256		200	
875	256		220	
876	256		174	
877	256		212	
878	256		187	
879	256		208	
880	256		214	
881	256		220	
882	256		194	
883	256		213	
884	256		196	
885	256		204	
886	256		186	
887	256		193	
888	256		206	
889	256		210	
890	256		184	
891	256		201	
892	256		198	
893	256		203	
894	256		210	
895	256		217	
896	256		182	
897	256		205	
898	256		204	
899	256		200	
900	256		222	
901	256		226	
902	256		184	
903	256		204	
904	256		189	
905	256		197	
906	256		203	
907	256		211	
908	256		187	
909	256		207	
910	256		202	
911	256		204	
912	256		218	
913	256		203	
914	256		218	
915	256		189	
916	256		213	
917	256		216	
918	256		208	
919	256		205	
920	256		191	
921	256		214	
922	256		219	
923	256		214	
924	256		195	
925	256		209	
926	256		221	
927	256		214	
928	256		201	
929	256		218	
930	256		212	
931	256		211	
932	256		194	
933	256		227	
934	256		204	
935	256		207	
936	256		216	
937	256		206	
938	256		215	
939	256		199	
940	256		201	
941	256		200	
942	256		216	
943	256		220	
944	256		217	
945	256		200	
946	256		210	
947	256		219	
948	256		197	
949	256		206	
950	256		209	
951	256		173	
952	256		188	
953	256		207	
954	256		192	
955	256		190	
956	256		176	
957	256		210	
958	256		207	
959	256		210	
960	256		202	
961	256		195	
962	256		209	
963	256		179	
964	256		214	
965	256		192	
966	256		226	
967	256		193	
968	256		208	
969	256		201	
970	256		215	
971	256		190	
972	256		192	
973	256		151	
974	256		215	
975	256		205	
976	256		220	
977	256		215	
978	256		206	
979	256		215	
980	256		188	
981	256		199	
982	256		216	
983	256		214	
984	256		207	
985	256		217	
986	256		200	
987	256		210	
988	256		200	
989	256		168	
990	256		190	
991	256		188	
992	256		198	
993	256		186	
994	256		209	
995	256		180	
996	256		208	
997	256		205	
998	256		212	
999	256		185	
1000	256		182	
1001	256		201	
1002	256		199	
1003	256		189	
1004	256		200	
1005	256		208	
1006	256		214	
1007	256		210	
1008	256		215	
1009	256		191	
1010	256		213	
1011	256		190	
1012	256		206	
1013	256		176	
1014	256		202	
1015	256		195	
1016	256		213	
1017	256		190	
1018	256		180	
1019	256		205	
1020	256		195	
1021	256		194	
1022	256		182	
1023	256		220	
1024	256		200	
1025	256		200	
1026	256		197	
1027	256		211	
1028	256		213	
1029	256		206	
1030	256		197	
1031	256		207	
1032	256		211	
1033	256		204	
1034	256		210	
1035	256		178	
1036	256		205	
1037	256		194	
1038	256		213	
1039	256		195	
1040	256		186	
1041	256		204	
1042	256		198	
1043	256		187	
1044	256		207	
1045	256		195	
1046	256		202	
1047	256		179	
1048	256		183	
1049	256		155	
1050	256		211	
1051	256		202	
1052	256		192	
1053	256		189	
1054	256		210	
1055	256		200	
1056	256		189	
1057	256		198	
1058	256		209	
1059	256		192	
1060	256		179	
1061	256		178	
1062	256		178	
1063	256		190	
1064	256		186	
1065	256		206	
1066	256		200	
1067	256		181	
1068	256		175	
1069	256		215	
1070	256		205	
1071	256		189	
1072	256		186	
1073	256		195	
1074	256		205	
1075	256		204	
1076	256		195	
1077	256		211	
1078	256		217	
1079	256		195	
1080	256		167	
1081	256		192	
1082	256		199	
1083	256		185	
1084	256		198	
1085	256		192	
1086	256		208	
1087	256		199	
1088	256		207	
1089	256		198	
1090	256		213	
1091	256		195	
1092	256		204	
1093	256		208	
1094	256		212	
1095	256		197	
1096	256		139	
1097	256		153	
1098	256		150	
1099	256		141	
1100	256		152	
1101	256		154	
1102	256		157	
1103	256		151	
1104	256		186	
1105	256		181	
1106	256		163	
1107	256		149	
1108	256		187	
1109	256		161	
1110	256		146	
1111	256		139	
1112	256		149	
1113	256		180	
1114	256		128	
1115	256		161	
1116	256		160	
1117	256		198	
1118	256		161	
1119	256		161	
1120	256		159	
1121	256		123	
1122	256		160	
1123	256		159	
1124	256		156	
1125	256		148	
1126	256		122	
1127	256		157	
1128	256		140	
1129	256		184	
1130	256		154	
1131	256		162	
1132	256		153	
1133	256		169	
1134	256		162	
1135	256		174	
1136	256		183	
1137	256		177	
1138	256		167	
1139	256		159	
1140	256		139	
1141	256		152	
1142	256		163	
1143	256		143	
1144	256		161	
1145	256		177	
1146	256		142	
1147	256		163	
1148	256		170	
1149	256		162	
1150	256		151	
1151	256		146	
1152	256		163	
1153	256		149	
1154	256		184	
1155	256		148	
1156	256		155	
1157	256		147	
1158	256		153	
1159	256		151	
1160	256		160	
1161	256		177	
1162	256		124	
1163	256		168	
1164	256		177	
1165	256		166	
1166	256		180	
1167	256		146	
1168	256		139	
1169	256		161	
1170	256		134	
1171	256		154	
1172	256		136	
1173	256		147	
1174	256		135	
1175	256		168	
1176	256		136	
1177	256		96	
1178	256		166	
1179	256		157	
1180	256		125	
1181	256		135	
1182	256		188	
1183	256		168	
1184	256		163	
1185	256		154	
1186	256		125	
1187	256		161	
1188	256		134	
1189	256		132	
1190	256		171	
1191	256		142	
1192	256		131	
1193	256		146	
1194	256		137	
1195	256		168	
1196	256		158	
1197	256		133	
1198	256		132	
1199	256		134	
1200	256		150	
1201	256		163	
1202	256		158	
1203	256		174	
1204	256		142	
1205	256		144	
1206	256		149	
1207	256		171	
1208	256		168	
1209	256		145	
1210	256		149	
1211	256		164	
1212	256		181	
1213	256		180	
1214	256		140	
1215	256		150	
1216	256		166	
1217	256		150	
1218	256		154	
1219	256		163	
1220	256		170	
1221	256		148	
1222	256		165	
1223	256		165	
1224	256		158	
1225	256		160	
1226	256		168	
1227	256		156	
1228	256		172	
1229	256		133	
1230	256		159	
1231	256		162	
1232	256		167	
1233	256		153	
1234	256		131	
1235	256		107	
1236	256		152	
1237	256		142	
1238	256		144	
1239	256		145	
1240	256		176	
1241	256		105	
1242	256		176	
1243	256		115	
1244	256		142	
1245	256		161	
1246	256		145	
1247	256		178	
1248	256		159	
1249	256		164	
1250	256		150	
1251	256		167	
1252	256		146	
1253	256		126	
1254	256		156	
1255	256		150	
1256	256		144	
1257	256		173	
1258	256		156	
1259	256		168	
1260	256		145	
1261	256		172	
1262	256		155	
1263	256		160	
1264	256		147	
1265	256		143	
1266	256		137	
1267	256		152	
1268	256		168	
1269	256		145	
1270	256		139	
1271	256		155	
1272	256		167	
1273	256		167	
1274	256		141	
1275	256		142	
1276	256		165	
1277	256		170	
1278	256		161	
1279	256		161	
1280	256		148	
1281	256		172	
1282	256		186	
1283	256		162	
1284	256		147	
1285	256		164	
1286	256		173	
1287	256		168	
1288	256		151	
1289	256		180	
1290	256		154	
1291	256		158	
1292	256		164	
1293	256		168	
1294	256		167	
1295	256		162	
1296	256		183	
1297	256		160	
1298	256		160	
1299	256		168	
1300	256		168	
1301	256		170	
1302	256		149	
1303	256		152	
1304	256		137	
1305	256		151	
1306	256		164	
1307	256		162	
1308	256		163	
1309	256		142	
1310	256		169	
1311	256		135	
1312	256		146	
1313	256		129	
1314	256		149	
1315	256		177	
1316	256		179	
1317	256		163	
1318	256		154	
1319	256		165	
1320	256		131	
1321	256		150	
1322	256		171	
1323	256		179	
1324	256		169	
1325	256		185	
1326	256		174	
1327	256		185	
1328	256		198	
1329	256		177	
1330	256		182	
1331	256		147	
1332	256		169	
1333	256		156	
1334	256		144	
1335	256		154	
1336	256		167	
1337	256		134	
1338	256		167	
1339	256		162	
1340	256		168	
1341	256		138	
1342	256		165	
1343	256		207	
1344	256		54	
1345	256		172	
1346	256		160	
1347	256		181	
1348	256		160	
1349	256		157	
1350	256		176	
1351	256		142	
1352	256		137	
1353	256		193	
1354	256		82	
1355	256		50	
1356	256		227	
1357	256		72	
1358	256		179	
1359	256		168	
1360	256		180	
1361	256		156	
1362	256		170	
1363	256		164	
1364	256		176	
1365	256		164	
1366	256		174	
1367	256		182	
1368	256		79	
1369	256		56	
1370	72		0	
1371	256		77	
1372	256		165	
1373	256		144	
1374	256		143	
1375	256		145	
1376	256		164	
1377	256		136	
1378	256		159	
1379	256		137	
1380	256		125	
1381	256		153	
1382	256		153	
1383	256		122	
1384	256		141	
1385	256		142	
1386	256		114	
1387	256		132	
1388	256		128	
1389	256		160	
1390	256		109	
1391	256		133	
1392	256		123	
1393	256		130	
1394	256		205	
1395	256		57	
1396	256		170	
1397	256		144	
1398	256		129	
1399	256		136	
1400	256		153	
1401	256		138	
1402	256		112	
1403	256		131	
1404	256		139	
1405	256		107	
1406	256		154	
1407	256		152	
1408	256		132	
1409	256		120	
1410	256		157	
1411	256		151	
1412	256		162	
1413	256		159	
1414	256		189	
1415	256		225	
1416	256		73	
1417	256		43	
1418	256		202	
1419	256		67	
1420	256		164	
1421	256		184	
1422	256		169	
1423	256		107	
1424	256		112	
1425	256		132	
1426	256		134	
1427	256		170	
1428	256		148	
1429	256		141	
1430	256		142	
1431	256		155	
1432	256		136	
1433	256		146	
1434	256		166	
1435	256		165	
1436	256		136	
1437	256		138	
1438	256		141	
1439	256		128	
1440	256		174	
1441	256		16	
1442	256		75	
1443	256		153	
1444	256		149	
1445	256		159	
1446	256		157	
1447	256		140	
1448	256		116	
1449	256		148	
1450	256		160	
1451	256		108	
1452	256		138	
1453	256		142	
1454	256		153	
1455	256		158	
1456	256		178	
1457	256		114	
1458	256		168	
1459	256		139	
1460	256		171	
1461	256		122	
1462	256		188	
1463	256		137	
1464	256		148	
1465	256		129	
1466	256		192	
1467	256		155	
1468	256		170	
1469	256		196	
1470	256		164	
1471	256		136	
1472	256		167	
1473	256		173	
1474	256		190	
1475	256		180	
1476	256		163	
1477	256		187	
1478	256		175	
1479	256		193	
1480	256		163	
1481	256		174	
1482	256		184	
1483	256		185	
1484	256		175	
1485	256		190	
1486	256		192	
1487	256		170	
1488	256		173	
1489	256		173	
1490	256		152	
1491	256		162	
1492	256		175	
1493	256		171	
1494	256		162	
1495	256		172	
1496	256		167	
1497	256		202	
1498	256		166	
1499	256		191	
1500	256		102	
1501	256		82	
1502	256		173	
1503	256		178	
1504	256		191	
1505	256		174	
1506	256		177	
1507	256		179	
1508	256		168	
1509	256		23	
1510	256		190	
1511	256		168	
1512	256		167	
1513	256		185	
1514	256		195	
1515	256		179	
1516	256		193	
1517	256		185	
1518	256		170	
1519	256		154	
1520	256		170	
1521	256		173	
1522	256		175	
1523	256		159	
1524	256		180	
1525	256		160	
1526	256		181	
1527	256		161	
1528	256		187	
1529	256		152	
1530	256		162	
1531	256		164	
1532	256		180	
1533	256		162	
1534	256		153	
1535	256		172	
1536	256		159	
1537	256		157	
1538	256		193	
1539	256		159	
1540	256		170	
1541	256		163	
1542	256		174	
1543	256		180	
1544	256		159	
1545	256		161	
1546	256		195	
1547	256		168	
1548	256		178	
1549	256		156	
1550	256		175	
1551	256		157	
1552	256		187	
1553	256		166	
1554	256		187	
1555	256		165	
1556	256		181	
1557	256		170	
1558	256		171	
1559	256		185	
1560	256		181	
1561	256		173	
1562	256		176	
1563	256		171	
1564	256		167	
1565	256		158	
1566	256		189	
1567	256		173	
1568	256		159	
1569	256		187	
1570	256		168	
1571	256		181	
1572	256		193	
1573	256		180	
1574	256		170	
1575	256		158	
1576	256		154	
1577	256		162	
1578	256		182	
1579	256		166	
1580	256		168	
1581	256		177	
1582	256		174	
1583	256		181	
1584	256		165	
1585	256		184	
1586	256		173	
1587	256		175	
1588	256		165	
1589	256		191	
1590	256		164	
1591	256		178	
1592	256		179	
1593	256		175	
1594	256		155	
1595	256		143	
1596	256		169	
1597	256		176	
1598	256		172	
1599	256		176	
1600	256		156	
1601	256		184	
1602	256		153	
1603	256		183	
1604	256		160	
1605	256		173	
1606	256		167	
1607	256		176	
1608	256		187	
1609	256		183	
1610	256		146	
1611	256		153	
1612	256		181	
1613	256		169	
1614	256		177	
1615	256		166	
1616	256		181	
1617	256		182	
1618	256		170	
1619	256		167	
1620	256		154	
1621	256		157	
1622	256		189	
1623	256		166	
1624	256		159	
1625	256		165	
1626	256		183	
1627	256		167	
1628	256		177	
1629	256		171	
1630	256		178	
1631	256		171	
1632	256		172	
1633	256		170	
1634	256		180	
1635	256		149	
1636	256		180	
1637	256		165	
1638	256		158	
1639	256		173	
1640	256		167	
1641	256		179	
1642	256		175	
1643	256		125	
1644	256		126	
1645	256		130	
1646	256		154	
1647	256		153	
1648	256		139	
1649	256		138	
1650	256		139	
1651	256		137	
1652	256		139	
1653	256		139	
1654	256		124	
1655	256		122	
1656	256		145	
1657	256		135	
1658	256		143	
1659	256		113	
1660	256		161	
1661	256		154	
1662	256		134	
1663	256		145	
1664	256		144	
1665	256		136	
1666	256		145	
1667	256		125	
1668	256		131	
1669	256		130	
1670	256		137	
1671	256		159	
1672	256		136	
1673	256		130	
1674	256		142	
1675	256		145	
1676	256		142	
1677	256		157	
1678	256		130	
1679	256		148	
1680	256		141	
1681	256		133	
1682	256		139	
1683	256		150	
1684	256		125	
1685	256		153	
1686	256		131	
1687	256		146	
1688	256		152	
1689	256		125	
1690	256		126	
1691	256		158	
1692	256		145	
1693	256		122	
1694	256		141	
1695	256		127	
1696	256		115	
1697	256		107	
1698	256		121	
1699	256		143	
1700	256		166	
1701	256		156	
1702	256		141	
1703	256		127	
1704	256		161	
1705	256		163	
1706	256		157	
1707	256		131	
1708	256		150	
1709	256		130	
1710	256		159	
1711	256		143	
1712	256		128	
1713	256		131	
1714	256		104	
1715	256		126	
1716	256		134	
1717	256		133	
1718	256		127	
1719	256		142	
1720	256		119	
1721	256		140	
1722	256		107	
1723	256		147	
1724	256		136	
1725	256		152	
1726	256		156	
1727	256		141	
1728	256		148	
1729	256		143	
1730	256		105	
1731	256		123	
1732	256		154	
1733	256		127	
1734	256		147	
1735	256		136	
1736	256		151	
1737	256		119	
1738	256		140	
1739	256		137	
1740	256		138	
1741	256		143	
1742	256		143	
1743	256		163	
1744	256		146	
1745	256		127	
1746	256		156	
1747	256		134	
1748	256		119	
1749	256		118	
1750	256		134	
1751	256		130	
1752	256		157	
1753	256		144	
1754	256		154	
1755	256		29	
1756	256		148	
1757	256		167	
1758	256		167	
1759	256		156	
1760	256		165	
1761	256		146	
1762	256		142	
1763	256		158	
1764	256		161	
1765	256		157	
1766	256		151	
1767	256		166	
1768	256		143	
1769	256		174	
1770	256		155	
1771	256		168	
1772	256		165	
1773	256		142	
1774	256		167	
1775	256		156	
1776	256		168	
1777	256		183	
1778	256		152	
1779	256		168	
1780	256		135	
1781	256		146	
1782	256		145	
1783	256		122	
1784	256		147	
1785	256		124	
1786	256		131	
1787	256		116	
1788	256		123	
1789	256		134	
1790	256		104	
1791	256		133	
1792	256		126	
1793	256		111	
1794	256		125	
1795	256		123	
1796	256		126	
1797	256		109	
1798	256		124	
1799	256		118	
1800	256		139	
1801	256		133	
1802	256		115	
1803	256		139	
1804	256		148	
1805	256		129	
1806	256		117	
1807	256		133	
1808	256		133	
1809	256		147	
1810	256		144	
1811	256		153	
1812	256		152	
1813	256		154	
1814	256		134	
1815	256		135	
1816	256		112	
1817	256		121	
1818	256		128	
1819	256		136	
1820	256		118	
1821	256		138	
1822	256		87	
1823	256		141	
1824	256		134	
1825	256		118	
1826	256		136	
1827	256		125	
1828	256		154	
1829	256		157	
1830	256		152	
1831	256		151	
1832	256		132	
1833	256		141	
1834	256		125	
1835	256		116	
1836	256		134	
1837	256		132	
1838	256		148	
1839	256		157	
1840	256		127	
1841	256		126	
1842	256		143	
1843	256		128	
1844	256		147	
1845	256		140	
1846	256		141	
1847	256		157	
1848	256		133	
1849	256		115	
1850	256		117	
1851	256		125	
1852	256		137	
1853	256		113	
1854	256		130	
1855	256		115	
1856	256		108	
1857	256		111	
1858	256		115	
1859	256		125	
1860	256		129	
1861	256		139	
1862	256		109	
1863	256		129	
1864	256		131	
1865	256		128	
1866	256		132	
1867	256		154	
1868	256		126	
1869	256		130	
1870	256		141	
1871	256		138	
1872	256		113	
1873	256		138	
1874	256		122	
1875	256		109	
1876	256		157	
1877	256		168	
1878	256		165	
1879	256		145	
1880	256		141	
1881	256		140	
1882	256		134	
1883	256		125	
1884	256		141	
1885	256		152	
1886	256		138	
1887	256		157	
1888	256		139	
1889	256		159	
1890	256		22	
1891	256		129	
1892	256		141	
1893	256		146	
1894	256		160	
1895	256		145	
1896	256		147	
1897	256		161	
1898	256		155	
1899	256		151	
1900	256		153	
1901	256		151	
1902	256		159	
1903	256		139	
1904	256		168	
1905	256		134	
1906	256		151	
1907	256		157	
1908	256		131	
1909	256		164	
1910	256		158	
1911	256		138	
1912	256		159	
1913	256		158	
1914	256		129	
1915	256		144	
1916	256		153	
1917	256		118	
1918	256		125	
1919	256		129	
1920	256		129	
1921	256		136	
1922	256		10	
1923	256		118	
1924	256		113	
1925	256		110	
1926	256		118	
1927	256		116	
1928	256		128	
1929	256		120	
1930	256		135	
1931	256		125	
1932	256		150	
1933	256		134	
1934	256		128	
1935	256		144	
1936	256		129	
1937	256		129	
1938	256		126	
1939	256		129	
1940	256		110	
1941	256		144	
1942	256		141	
1943	256		127	
1944	256		126	
1945	256		133	
1946	256		137	
1947	256		137	
1948	256		127	
1949	256		146	
1950	256		140	
1951	256		119	
1952	256		139	
1953	256		133	
1954	256		125	
1955	256		116	
1956	256		135	
1957	256		122	
1958	256		112	
1959	256		138	
1960	256		121	
1961	256		141	
1962	256		126	
1963	256		138	
1964	256		135	
1965	256		142	
1966	256		150	
1967	256		153	
1968	256		121	
1969	256		144	
1970	256		117	
1971	256		118	
1972	256		125	
1973	256		121	
1974	256		111	
1975	256		129	
1976	256		147	
1977	256		141	
1978	256		148	
1979	256		131	
1980	256		147	
1981	256		161	
1982	256		146	
1983	256		135	
1984	256		132	
1985	256		144	
1986	256		144	
1987	256		139	
1988	256		145	
1989	256		153	
1990	256		25	
1991	256		117	
1992	256		125	
1993	256		115	
1994	256		130	
1995	256		112	
1996	256		121	
1997	256		145	
1998	256		123	
1999	256		130	
2000	256		123	
2001	256		131	
2002	256		127	
2003	256		122	
2004	256		122	
2005	256		137	
2006	256		127	
2007	256		137	
2008	256		126	
2009	256		144	
2010	256		144	
2011	256		113	
2012	256		125	
2013	256		143	
2014	256		146	
2015	256		139	
2016	256		131	
2017	256		134	
2018	256		145	
2019	256		123	
2020	256		125	
2021	256		114	
2022	256		134	
2023	256		117	
2024	256		134	
2025	256		120	
2026	256		102	
2027	256		144	
2028	256		126	
2029	256		119	
2030	256		125	
2031	256		102	
2032	256		104	
2033	256		115	
2034	256		132	
2035	256		138	
2036	256		130	
2037	256		143	
2038	256		115	
2039	256		136	
2040	256		150	
2041	256		123	
2042	256		134	
2043	256		128	
2044	256		146	
2045	256		129	
2046	256		140	
2047	256		134	
2048	256		143	
2049	256		134	
2050	256		150	
2051	256		142	
2052	256		134	
2053	256		147	
2054	256		133	
2055	256		130	
2056	256		124	
2057	256		133	
2058	256		139	
2059	256		118	
2060	256		141	
2061	256		128	
2062	256		129	
2063	256		126	
2064	256		143	
2065	256		133	
2066	256		143	
2067	256		140	
2068	256		138	
2069	256		115	
2070	256		122	
2071	256		129	
2072	256		120	
2073	256		127	
2074	256		136	
2075	256		103	
2076	256		121	
2077	256		108	
2078	256		137	
2079	256		131	
2080	256		155	
2081	256		136	
2082	256		110	
2083	256		169	
2084	256		115	
2085	256		107	
2086	256		109	
2087	256		121	
2088	256		128	
2089	256		110	
2090	256		108	
2091	256		110	
2092	256		134	
2093	256		135	
2094	256		133	
2095	256		117	
2096	256		112	
2097	256		124	
2098	256		121	
2099	256		115	
2100	256		125	
2101	256		120	
2102	256		111	
2103	256		117	
2104	256		123	
2105	256		121	
2106	256		133	
2107	256		132	
2108	256		121	
2109	256		131	
2110	256		97	
2111	256		118	
2112	256		136	
2113	256		125	
2114	256		127	
2115	256		114	
2116	256		113	
2117	256		111	
2118	256		127	
2119	256		126	
2120	256		137	
2121	256		108	
2122	256		128	
2123	256		136	
2124	256		111	
2125	256		127	
2126	256		86	
2127	256		133	
2128	256		106	
2129	256		110	
2130	256		140	
2131	256		97	
2132	256		116	
2133	256		119	
2134	256		117	
2135	256		115	
2136	256		124	
2137	256		129	
2138	256		127	
2139	256		124	
2140	256		140	
2141	256		117	
2142	256		117	
2143	256		127	
2144	256		92	
2145	256		123	
2146	256		119	
2147	256		114	
2148	256		108	
2149	256		104	
2150	256		110	
2151	256		118	
2152	256		128	
2153	256		120	
2154	256		103	
2155	256		114	
2156	256		126	
2157	256		106	
2158	256		131	
2159	256		120	
2160	256		113	
2161	256		89	
2162	256		105	
2163	256		106	
2164	256		133	
2165	256		130	
2166	256		129	
2167	256		116	
2168	256		101	
2169	256		128	
2170	256		138	
2171	256		107	
2172	256		110	
2173	256		122	
2174	256		117	
2175	256		118	
2176	256		118	
2177	256		114	
2178	256		129	
2179	256		104	
2180	256		116	
2181	256		84	
2182	256		110	
2183	256		127	
2184	256		116	
2185	256		108	
2186	256		132	
2187	256		108	
2188	256		117	
2189	256		116	
2190	256		2	
2191	256		11	
2192	242		2	
2193	256		7	
2194	256		20	
2195	236		0	
2196	256		21	
2197	256		34	
2198	256		40	
2199	230		1	
2200	256		8	
2201	256		31	
2202	256		48	
2203	256		19	
2204	256		43	
2205	256		66	
2206	256		54	
2207	256		40	
2208	225		0	
2209	256		9	
2210	256		23	
2211	256		39	
2212	256		22	
2213	256		53	
2214	256		45	
2215	256		78	
2216	256		22	
2217	256		33	
2218	256		65	
2219	256		67	
2220	256		71	
2221	256		48	
2222	256		62	
2223	256		89	
2224	256		87	
2225	256		8	
2226	256		10	
2227	256		16	
2228	256		30	
2229	256		1	
2230	256		38	
2231	256		33	
2232	256		57	
2233	256		29	
2234	256		36	
2235	256		23	
2236	256		48	
2237	256		82	
2238	256		37	
2239	256		64	
2240	256		70	
2241	256		97	
2242	256		18	
2243	256		38	
2244	256		57	
2245	256		62	
2246	256		69	
2247	256		94	
2248	256		77	
2249	256		102	
2250	256		74	
2251	256		77	
2252	256		66	
2253	256		70	
2254	256		72	
2255	256		100	
2256	256		90	
2257	256		83	
2258	256		98	
2259	202		0	
2260	256		0	
2261	256		11	
2262	256		11	
2263	256		4	
2264	256		17	
2265	256		28	
2266	256		76	
2267	256		26	
2268	256		7	
2269	256		40	
2270	256		46	
2271	256		68	
2272	256		46	
2273	256		79	
2274	256		77	
2275	256		73	
2276	256		29	
2277	256		28	
2278	256		30	
2279	256		73	
2280	256		71	
2281	256		62	
2282	256		79	
2283	256		96	
2284	256		70	
2285	256		51	
2286	256		67	
2287	256		80	
2288	256		89	
2289	256		81	
2290	256		88	
2291	256		85	
2292	256		88	
2293	256		29	
2294	256		42	
2295	256		35	
2296	256		55	
2297	256		47	
2298	256		53	
2299	256		73	
2300	256		74	
2301	256		74	
2302	256		67	
2303	256		90	
2304	256		66	
2305	256		74	
2306	256		100	
2307	256		88	
2308	256		101	
2309	256		86	
2310	256		81	
2311	256		70	
2312	256		73	
2313	256		81	
2314	256		81	
2315	256		79	
2316	256		83	
2317	256		80	
2318	256		98	
2319	256		115	
2320	256		80	
2321	256		82	
2322	256		86	
2323	256		92	
2324	256		91	
2325	256		111	
2326	256		146	
2327	256		69	
2328	237		0	
2329	255		0	
2330	256		13	
2331	256		32	
2332	244		0	
2333	256		17	
2334	256		28	
2335	256		38	
2336	227		0	
2337	256		4	
2338	256		17	
2339	256		46	
2340	256		29	
2341	256		39	
2342	256		54	
2343	256		56	
2344	256		54	
2345	212		0	
2346	256		19	
2347	256		13	
2348	256		47	
2349	256		25	
2350	256		66	
2351	256		40	
2352	256		88	
2353	256		24	
2354	256		30	
2355	256		50	
2356	256		82	
2357	256		64	
2358	256		82	
2359	256		90	
2360	256		78	
2361	256		78	
2362	256		7	
2363	256		28	
2364	256		10	
2365	256		45	
2366	256		19	
2367	256		66	
2368	256		49	
2369	256		71	
2370	256		73	
2371	256		45	
2372	256		48	
2373	256		72	
2374	256		80	
2375	256		90	
2376	256		88	
2377	256		103	
2378	256		92	
2379	256		77	
2380	256		96	
2381	256		67	
2382	256		90	
2383	256		58	
2384	256		74	
2385	256		83	
2386	256		90	
2387	256		84	
2388	256		89	
2389	256		85	
2390	256		103	
2391	256		80	
2392	256		90	
2393	256		77	
2394	256		99	
2395	256		97	
2396	256		39	
2397	256		55	
2398	256		19	
2399	256		58	
2400	256		34	
2401	256		40	
2402	256		58	
2403	256		73	
2404	256		76	
2405	256		54	
2406	256		67	
2407	256		55	
2408	256		68	
2409	256		93	
2410	256		78	
2411	256		81	
2412	256		71	
2413	256		57	
2414	256		50	
2415	256		68	
2416	256		83	
2417	256		75	
2418	256		68	
2419	256		79	
2420	256		62	
2421	256		88	
2422	256		66	
2423	256		66	
2424	256		75	
2425	256		88	
2426	256		81	
2427	256		85	
2428	256		115	
2429	256		89	
2430	256		90	
2431	256		60	
2432	256		73	
2433	256		61	
2434	256		66	
2435	256		79	
2436	256		83	
2437	256		88	
2438	256		79	
2439	256		50	
2440	256		58	
2441	256		65	
2442	256		101	
2443	256		76	
2444	256		90	
2445	256		94	
2446	256		105	
2447	256		98	
2448	256		101	
2449	256		90	
2450	256		83	
2451	256		90	
2452	256		81	
2453	256		110	
2454	256		91	
2455	256		92	
2456	256		97	
2457	256		102	
2458	256		101	
2459	256		80	
2460	256		105	
2461	256		92	
2462	256		108	
2463	256		117	
2464	256		81	
2465	179		0	
2466	231		0	
2467	256		8	
2468	256		12	
2469	186		0	
2470	256		17	
2471	256		19	
2472	256		40	
2473	191		0	
2474	256		8	
2475	256		20	
2476	256		48	
2477	256		14	
2478	256		25	
2479	256		50	
2480	256		60	
2481	256		42	
2482	183		0	
2483	256		9	
2484	256		15	
2485	256		22	
2486	256		4	
2487	256		45	
2488	256		34	
2489	256		65	
2490	256		23	
2491	256		23	
2492	256		30	
2493	256		50	
2494	256		49	
2495	256		21	
2496	256		63	
2497	256		66	
2498	256		66	
2499	148		0	
2500	234		0	
2501	199		0	
2502	256		21	
2503	188		0	
2504	256		20	
2505	256		23	
2506	256		49	
2507	256		0	
2508	256		16	
2509	256		29	
2510	256		40	
2511	256		54	
2512	256		43	
2513	256		74	
2514	256		48	
2515	256		78	
2516	256		0	
2517	256		34	
2518	256		38	
2519	256		31	
2520	256		37	
2521	256		49	
2522	256		43	
2523	256		66	
2524	256		78	
2525	256		57	
2526	256		67	
2527	256		66	
2528	256		75	
2529	256		95	
2530	256		96	
2531	256		86	
2532	256		96	
2533	256		20	
2534	256		18	
2535	256		15	
2536	256		34	
2537	256		13	
2538	253		7	
2539	256		28	
2540	256		33	
2541	256		42	
2542	207		0	
2543	256		27	
2544	256		59	
2545	256		45	
2546	256		36	
2547	256		44	
2548	256		79	
2549	256		76	
2550	256		8	
2551	256		30	
2552	256		40	
2553	256		66	
2554	256		29	
2555	256		27	
2556	256		97	
2557	256		83	
2558	256		88	
2559	256		81	
2560	256		94	
2561	256		71	
2562	256		98	
2563	256		86	
2564	256		109	
2565	256		69	
2566	256		116	
2567	256		67	
2568	256		61	
2569	256		33	
2570	256		76	
2571	256		72	
2572	256		49	
2573	256		80	
2574	256		71	
2575	256		51	
2576	256		64	
2577	256		67	
2578	256		59	
2579	256		86	
2580	256		89	
2581	256		72	
2582	256		84	
2583	256		104	
2584	256		83	
2585	256		61	
2586	256		61	
2587	256		96	
2588	256		89	
2589	256		72	
2590	256		93	
2591	256		79	
2592	256		80	
2593	256		86	
2594	256		92	
2595	256		83	
2596	256		98	
2597	256		84	
2598	256		94	
2599	256		98	
2600	256		81	
2601	256		57	
2602	256		61	
2603	256		24	
2604	256		43	
2605	256		26	
2606	256		18	
2607	256		37	
2608	256		37	
2609	256		58	
2610	256		26	
2611	256		41	
2612	256		44	
2613	256		66	
2614	256		40	
2615	256		55	
2616	256		52	
2617	256		72	
2618	256		58	
2619	256		22	
2620	256		78	
2621	256		96	
2622	256		153	
2623	256		215	
2624	256		63	
2625	256		59	
2626	256		72	
2627	256		48	
2628	256		53	
2629	256		27	
2630	256		74	
2631	256		77	
2632	256		83	
2633	256		73	
2634	256		73	
2635	256		97	
2636	256		28	
2637	256		40	
2638	256		30	
2639	256		61	
2640	256		37	
2641	256		60	
2642	256		59	
2643	256		64	
2644	256		51	
2645	256		46	
2646	256		45	
2647	256		78	
2648	256		48	
2649	256		63	
2650	256		266	
2651	256		93	
2652	256		94	
2653	256		90	
2654	256		65	
2655	256		61	
2656	256		78	
2657	256		73	
2658	256		71	
2659	256		90	
2660	256		86	
2661	256		92	
2662	256		99	
2663	256		88	
2664	256		85	
2665	256		98	
2666	256		99	
2667	256		87	
2668	256		87	
2669	256		81	
2670	256		61	
2671	256		48	
2672	256		42	
2673	256		68	
2674	256		75	
2675	256		90	
2676	256		61	
2677	256		70	
2678	256		75	
2679	256		70	
2680	256		74	
2681	256		72	
2682	256		72	
2683	256		81	
2684	256		67	
2685	256		72	
2686	256		90	
2687	256		53	
2688	256		76	
2689	256		59	
2690	256		45	
2691	256		59	
2692	256		56	
2693	256		68	
2694	256		95	
2695	256		78	
2696	256		73	
2697	256		42	
2698	256		62	
2699	256		73	
2700	256		75	
2701	256		84	
2702	256		99	
2703	256		78	
2704	256		81	
2705	256		68	
2706	256		80	
2707	256		98	
2708	256		83	
2709	256		72	
2710	256		72	
2711	256		93	
2712	256		95	
2713	256		80	
2714	256		88	
2715	256		74	
2716	256		91	
2717	256		70	
2718	256		94	
2719	256		82	
2720	256		85	
2721	256		86	
2722	256		93	
2723	256		95	
2724	256		79	
2725	256		88	
2726	256		92	
2727	256		97	
2728	256		91	
2729	256		92	
2730	256		96	
2731	256		80	
2732	256		94	
2733	256		104	
2734	256		91	
2735	256		102	
2736	256		97	
2737	256		93	
2738	256		86	
2739	162		0	
2740	198		3	
2741	256		6	
2742	256		4	
2743	240		0	
2744	256		16	
2745	256		17	
2746	256		10	
2747	148		0	
2748	243		0	
2749	256		0	
2750	256		28	
2751	256		18	
2752	256		23	
2753	256		30	
2754	256		43	
2755	256		31	
2756	152		0	
2757	256		0	
2758	256		13	
2759	256		27	
2760	256		12	
2761	256		29	
2762	256		21	
2763	256		33	
2764	256		6	
2765	256		16	
2766	256		38	
2767	256		56	
2768	256		28	
2769	256		31	
2770	256		36	
2771	256		48	
2772	256		43	
2773	155		0	
2774	210		0	
2775	204		0	
2776	256		16	
2777	217		1	
2778	256		16	
2779	256		6	
2780	256		34	
2781	227		0	
2782	256		5	
2783	256		21	
2784	256		53	
2785	256		36	
2786	256		35	
2787	256		33	
2788	256		61	
2789	256		16	
2790	249		0	
2791	256		23	
2792	256		33	
2793	256		41	
2794	256		37	
2795	256		48	
2796	256		45	
2797	256		64	
2798	256		45	
2799	256		40	
2800	256		63	
2801	256		44	
2802	256		70	
2803	256		47	
2804	256		57	
2805	256		55	
2806	256		56	
2807	133		0	
2808	160		0	
2809	161		0	
2810	256		13	
2811	174		0	
2812	249		0	
2813	256		0	
2814	256		20	
2815	256		4	
2816	157		0	
2817	237		0	
2818	256		6	
2819	256		28	
2820	256		12	
2821	256		9	
2822	256		49	
2823	256		55	
2824	203		0	
2825	196		0	
2826	199		0	
2827	256		19	
2828	256		10	
2829	256		15	
2830	256		46	
2831	256		47	
2832	256		20	
2833	256		16	
2834	256		25	
2835	256		24	
2836	256		41	
2837	256		33	
2838	256		49	
2839	256		42	
2840	256		57	
2841	256		0	
2842	222		0	
2843	255		9	
2844	256		12	
2845	256		25	
2846	256		14	
2847	256		18	
2848	256		36	
2849	256		25	
2850	256		9	
2851	256		22	
2852	256		32	
2853	256		44	
2854	256		33	
2855	256		33	
2856	256		53	
2857	256		50	
2858	256		29	
2859	256		8	
2860	256		29	
2861	256		30	
2862	256		29	
2863	256		35	
2864	256		46	
2865	256		41	
2866	256		53	
2867	256		40	
2868	256		57	
2869	256		36	
2870	256		56	
2871	256		18	
2872	256		28	
2873	256		44	
2874	256		56	
2875	256		0	
2876	180		14	
2877	187		0	
2878	190		0	
2879	210		0	
2880	186		0	
2881	230		1	
2882	256		10	
2883	256		34	
2884	85		0	
2885	173		0	
2886	166		0	
2887	256		25	
2888	190		0	
2889	256		13	
2890	256		14	
2891	256		32	
2892	256		0	
2893	103		0	
2894	169		0	
2895	141		0	
2896	254		0	
2897	166		0	
2898	256		13	
2899	256		6	
2900	256		18	
2901	140		0	
2902	217		0	
2903	215		0	
2904	256		21	
2905	256		0	
2906	256		28	
2907	256		27	
2908	256		18	
2909	256		6	
2910	100		0	
2911	163		0	
2912	164		0	
2913	207		1	
2914	145		0	
2915	191		0	
2916	179		0	
2917	255		1	
2918	136		0	
2919	157		0	
2920	163		0	
2921	250		2	
2922	256		52	
2923	197		1	
2924	256		16	
2925	256		23	
2926	256		67	
2927	147		0	
2928	256		17	
2929	210		1	
2930	256		80	
2931	163		0	
2932	233		6	
2933	256		56	
2934	256		95	
2935	256		12	
2936	256		10	
2937	256		24	
2938	256		40	
2939	256		29	
2940	256		56	
2941	256		39	
2942	256		93	
2943	256		64	
2944	183		1	
2945	174		0	
2946	208		0	
2947	256		17	
2948	240		0	
2949	238		1	
2950	256		24	
2951	256		23	
2952	256		26	
2953	200		0	
2954	256		27	
2955	256		34	
2956	256		62	
2957	244		5	
2958	256		54	
2959	256		48	
2960	256		41	
2961	219		1	
2962	256		0	
2963	213		0	
2964	256		68	
2965	256		7	
2966	256		56	
2967	256		91	
2968	256		71	
2969	256		80	
2970	256		64	
2971	256		59	
2972	256		78	
2973	256		73	
2974	256		75	
2975	256		84	
2976	256		69	
2977	256		85	
2978	256		46	
2979	256		49	
2980	256		64	
2981	256		59	
2982	256		56	
2983	256		67	
2984	256		63	
2985	256		61	
2986	256		79	
2987	256		67	
2988	256		63	
2989	256		60	
2990	256		58	
2991	256		64	
2992	256		60	
2993	256		90	
2994	256		87	
2995	256		72	
2996	256		80	
2997	256		75	
2998	256		76	
2999	256		69	
3000	256		64	
3001	256		61	
3002	256		80	
3003	256		87	
3004	256		86	
3005	256		71	
3006	256		77	
3007	256		81	
3008	256		67	
3009	256		81	
3010	256		78	
3011	256		80	
3012	256		51	
3013	154		0	
3014	224		0	
3015	176		0	
3016	207		4	
3017	155		0	
3018	220		0	
3019	256		8	
3020	256		42	
3021	169		0	
3022	256		175	
3023	256		236	
3024	256		9	
3025	229		0	
3026	256		27	
3027	256		40	
3028	256		50	
3029	256		19	
3030	169		1	
3031	208		0	
3032	221		0	
3033	256		34	
3034	212		0	
3035	256		45	
3036	256		55	
3037	256		29	
3038	165		0	
3039	256		40	
3040	256		26	
3041	256		57	
3042	256		36	
3043	256		35	
3044	256		40	
3045	256		44	
3046	256		26	
3047	163		0	
3048	154		0	
3049	179		0	
3050	215		0	
3051	175		0	
3052	250		0	
3053	209		0	
3054	256		24	
3055	226		2	
3056	175		0	
3057	225		0	
3058	256		40	
3059	256		43	
3060	234		17	
3061	256		41	
3062	256		45	
3063	256		58	
3064	209		2	
3065	220		3	
3066	214		1	
3067	256		5	
3068	160		0	
3069	256		42	
3070	256		38	
3071	256		53	
3072	256		21	
3073	256		39	
3074	256		46	
3075	256		66	
3076	256		42	
3077	256		39	
3078	256		48	
3079	256		55	
3080	256		45	
3081	191		0	
3082	197		0	
3083	206		0	
3084	216		0	
3085	170		0	
3086	184		2	
3087	188		2	
3088	256		12	
3089	186		0	
3090	179		0	
3091	189		0	
3092	211		3	
3093	196		0	
3094	219		2	
3095	237		0	
3096	235		5	
3097	256		22	
3098	181		0	
3099	176		0	
3100	194		0	
3101	201		1	
3102	187		0	
3103	221		2	
3104	181		0	
3105	235		1	
3106	253		1	
3107	224		3	
3108	196		0	
3109	203		1	
3110	256		27	
3111	245		13	
3112	256		31	
3113	256		46	
3114	256		51	
3115	188		1	
3116	178		0	
3117	220		0	
3118	211		0	
3119	180		0	
3120	198		0	
3121	233		0	
3122	229		1	
3123	256		19	
3124	256		9	
3125	189		0	
3126	252		3	
3127	256		20	
3128	172		47	
3129	256		42	
3130	256		35	
3131	256		66	
3132	256		42	
3133	256		65	
3134	256		58	
3135	256		28	
3136	256		42	
3137	256		57	
3138	256		68	
3139	256		47	
3140	256		74	
3141	256		67	
3142	256		72	
3143	256		67	
3144	256		85	
3145	256		61	
3146	256		79	
3147	256		72	
3148	256		64	
3149	256		44	
3150	237		5	
3151	219		0	
3152	191		0	
3153	256		30	
3154	222		0	
3155	256		41	
3156	256		18	
3157	256		46	
3158	256		19	
3159	256		29	
3160	256		27	
3161	256		37	
3162	256		39	
3163	256		36	
3164	256		138	
3165	256		41	
3166	256		35	
3167	256		0	
3168	219		68	
3169	232		15	
3170	256		30	
3171	235		9	
3172	256		27	
3173	256		236	
3174	256		52	
3175	256		9	
3176	246		33	
3177	256		38	
3178	256		39	
3179	256		169	
3180	256		43	
3181	256		47	
3182	256		53	
3183	256		39	
3184	256		17	
3185	256		24	
3186	216		4	
3187	256		15	
3188	253		18	
3189	245		21	
3190	256		129	
3191	252		20	
3192	256		4	
3193	253		20	
3194	256		106	
3195	256		24	
3196	256		131	
3197	256		19	
3198	256		45	
3199	256		43	
3200	256		37	
3201	242		21	
3202	256		15	
3203	254		23	
3204	256		23	
3205	256		22	
3206	238		12	
3207	256		43	
3208	256		153	
3209	256		49	
3210	256		39	
3211	256		30	
3212	256		41	
3213	256		60	
3214	256		38	
3215	256		180	
3216	256		48	
3217	256		57	
3218	256		31	
3219	256		34	
3220	256		36	
3221	256		58	
3222	256		57	
3223	256		56	
3224	256		41	
3225	256		73	
3226	256		48	
3227	256		33	
3228	256		135	
3229	256		43	
3230	256		56	
3231	256		31	
3232	256		47	
3233	256		66	
3234	256		43	
3235	256		39	
3236	256		34	
3237	256		52	
3238	256		56	
3239	256		33	
3240	256		50	
3241	256		57	
3242	256		60	
3243	256		54	
3244	256		32	
3245	256		50	
3246	256		52	
3247	256		49	
3248	256		30	
3249	256		58	
3250	256		53	
3251	256		64	
3252	256		63	
3253	256		195	
3254	256		55	
3255	256		51	
3256	256		47	
3257	256		65	
3258	256		56	
3259	256		50	
3260	256		49	
3261	256		49	
3262	256		63	
3263	256		50	
3264	256		60	
3265	256		59	
3266	256		56	
3267	256		50	
3268	256		40	
3269	256		61	
3270	256		60	
3271	256		47	
3272	256		56	
3273	256		40	
3274	256		47	
3275	256		48	
3276	256		68	
3277	256		55	
3278	256		40	
3279	256		55	
3280	256		53	
3281	256		42	
3282	256		51	
3283	256		39	
3284	256		48	
3285	256		48	
3286	256		3	
3287	81		0	
3288	83		0	
3289	180		0	
3290	141		0	
3291	109		0	
3292	158		0	
3293	256		235	
3294	253		2	
3295	72		0	
3296	198		0	
3297	231		2	
3298	256		23	
3299	222		0	
3300	256		15	
3301	256		28	
3302	256		22	
3303	202		0	
3304	107		0	
3305	108		0	
3306	214		0	
3307	256		4	
3308	256		7	
3309	256		12	
3310	256		15	
3311	256		25	
3312	224		2	
3313	256		6	
3314	256		13	
3315	256		28	
3316	256		27	
3317	256		26	
3318	256		25	
3319	256		28	
3320	254		1	
3321	104		0	
3322	103		0	
3323	169		0	
3324	230		0	
3325	134		0	
3326	256		11	
3327	256		6	
3328	256		17	
3329	144		0	
3330	230		1	
3331	256		19	
3332	256		15	
3333	256		9	
3334	256		19	
3335	256		28	
3336	256		32	
3337	256		19	
3338	227		0	
3339	256		9	
3340	256		17	
3341	256		43	
3342	256		24	
3343	256		31	
3344	256		32	
3345	256		31	
3346	256		46	
3347	256		32	
3348	256		28	
3349	256		18	
3350	256		40	
3351	256		51	
3352	256		37	
3353	256		48	
3354	256		21	
3355	42		0	
3356	106		0	
3357	87		0	
3358	210		0	
3359	70		0	
3360	175		0	
3361	199		0	
3362	256		5	
3363	132		0	
3364	89		0	
3365	189		0	
3366	256		5	
3367	231		0	
3368	221		4	
3369	256		17	
3370	256		25	
3371	256		12	
3372	98		0	
3373	165		0	
3374	184		0	
3375	256		222	
3376	221		0	
3377	226		0	
3378	256		0	
3379	256		35	
3380	256		19	
3381	256		7	
3382	256		8	
3383	238		4	
3384	256		15	
3385	256		17	
3386	256		4	
3387	256		16	
3388	256		15	
3389	163		0	
3390	215		0	
3391	183		0	
3392	236		8	
3393	241		1	
3394	238		1	
3395	237		4	
3396	256		11	
3397	256		20	
3398	216		2	
3399	256		8	
3400	248		9	
3401	256		21	
3402	256		6	
3403	256		22	
3404	256		40	
3405	256		25	
3406	256		28	
3407	256		17	
3408	256		21	
3409	256		22	
3410	256		36	
3411	256		14	
3412	256		21	
3413	256		34	
3414	256		29	
3415	256		27	
3416	256		34	
3417	256		36	
3418	256		30	
3419	256		27	
3420	256		45	
3421	256		27	
3422	256		41	
3423	133		0	
3424	62		0	
3425	81		0	
3426	139		0	
3427	137		0	
3428	95		0	
3429	168		0	
3430	220		0	
3431	256		1	
3432	57		0	
3433	104		0	
3434	163		0	
3435	249		3	
3436	133		0	
3437	238		0	
3438	256		0	
3439	256		16	
3440	175		0	
3441	47		0	
3442	87		0	
3443	138		0	
3444	220		0	
3445	128		0	
3446	256		8	
3447	256		18	
3448	256		0	
3449	128		0	
3450	205		0	
3451	256		0	
3452	256		10	
3453	256		12	
3454	256		8	
3455	256		25	
3456	256		21	
3457	242		0	
3458	47		0	
3459	107		0	
3460	141		0	
3461	173		0	
3462	58		0	
3463	192		0	
3464	181		0	
3465	256		9	
3466	87		0	
3467	127		0	
3468	97		0	
3469	228		1	
3470	217		0	
3471	224		0	
3472	256		24	
3473	256		27	
3474	256		15	
3475	159		0	
3476	230		0	
3477	196		0	
3478	235		0	
3479	170		0	
3480	190		0	
3481	218		0	
3482	256		31	
3483	256		7	
3484	251		4	
3485	237		3	
3486	256		0	
3487	256		14	
3488	256		12	
3489	256		13	
3490	256		21	
3491	256		13	
3492	126		0	
3493	133		0	
3494	111		0	
3495	184		0	
3496	92		0	
3497	190		0	
3498	165		0	
3499	228		0	
3500	157		0	
3501	168		0	
3502	180		0	
3503	187		0	
3504	188		0	
3505	152		0	
3506	234		0	
3507	256		4	
3508	256		15	
3509	136		0	
3510	182		0	
3511	127		0	
3512	223		0	
3513	134		0	
3514	166		0	
3515	196		0	
3516	256		36	
3517	256		9	
3518	170		0	
3519	240		1	
3520	225		0	
3521	256		3	
3522	256		10	
3523	256		25	
3524	256		20	
3525	256		11	
3526	181		0	
3527	174		0	
3528	213		0	
3529	198		0	
3530	195		0	
3531	251		0	
3532	256		9	
3533	217		0	
3534	256		11	
3535	251		0	
3536	252		0	
3537	255		8	
3538	256		8	
3539	256		1	
3540	256		5	
3541	256		21	
3542	256		33	
3543	256		18	
3544	256		18	
3545	256		13	
3546	256		8	
3547	256		25	
3548	256		30	
3549	256		32	
3550	256		28	
3551	256		31	
3552	256		28	
3553	256		28	
3554	256		36	
3555	256		20	
3556	256		36	
3557	256		30	
3558	256		22	
3559	256		30	
3560	126		0	
3561	47		0	
3562	43		0	
3563	126		0	
3564	85		0	
3565	64		0	
3566	135		0	
3567	174		0	
3568	184		0	
3569	42		0	
3570	120		0	
3571	165		0	
3572	229		0	
3573	100		0	
3574	217		0	
3575	206		0	
3576	233		7	
3577	108		0	
3578	36		0	
3579	77		0	
3580	80		0	
3581	118		0	
3582	97		0	
3583	211		0	
3584	210		0	
3585	234		0	
3586	80		0	
3587	205		0	
3588	212		0	
3589	256		3	
3590	229		0	
3591	254		6	
3592	256		8	
3593	256		2	
3594	159		0	
3595	256		225	
3596	48		0	
3597	59		0	
3598	94		0	
3599	66		0	
3600	106		0	
3601	120		0	
3602	211		0	
3603	39		0	
3604	56		0	
3605	61		0	
3606	196		0	
3607	151		0	
3608	139		0	
3609	218		0	
3610	237		0	
3611	180		0	
3612	32		0	
3613	80		0	
3614	91		0	
3615	165		0	
3616	81		0	
3617	148		0	
3618	203		0	
3619	256		5	
3620	146		0	
3621	166		0	
3622	170		0	
3623	226		0	
3624	248		7	
3625	231		0	
3626	256		2	
3627	256		0	
3628	183		0	
3629	36		0	
3630	45		0	
3631	36		0	
3632	81		0	
3633	51		0	
3634	69		0	
3635	53		0	
3636	138		0	
3637	51		0	
3638	46		0	
3639	47		0	
3640	70		0	
3641	80		0	
3642	41		0	
3643	128		0	
3644	115		0	
3645	85		0	
3646	38		0	
3647	38		0	
3648	48		0	
3649	52		0	
3650	39		0	
3651	54		0	
3652	80		0	
3653	105		0	
3654	120		0	
3655	64		0	
3656	139		0	
3657	81		0	
3658	199		0	
3659	88		0	
3660	165		0	
3661	226		0	
3662	256		17	
3663	55		0	
3664	67		0	
3665	56		0	
3666	70		0	
3667	73		0	
3668	61		0	
3669	97		0	
3670	132		0	
3671	129		0	
3672	61		0	
3673	88		0	
3674	93		0	
3675	156		0	
3676	92		0	
3677	176		0	
3678	219		4	
3679	256		0	
3680	107		0	
3681	158		0	
3682	146		0	
3683	199		0	
3684	184		0	
3685	130		0	
3686	148		0	
3687	196		0	
3688	250		4	
3689	245		4	
3690	239		0	
3691	242		1	
3692	256		13	
3693	256		12	
3694	256		10	
3695	256		26	
3696	256		20	
3697	61		0	
3698	38		0	
3699	42		0	
3700	53		0	
3701	83		0	
3702	60		0	
3703	86		0	
3704	130		0	
3705	122		0	
3706	33		0	
3707	54		0	
3708	69		0	
3709	103		0	
3710	44		0	
3711	110		0	
3712	171		0	
3713	189		1	
3714	76		0	
3715	46		0	
3716	45		0	
3717	38		0	
3718	68		0	
3719	41		0	
3720	99		0	
3721	68		0	
3722	106		0	
3723	51		0	
3724	39		0	
3725	71		0	
3726	82		0	
3727	79		0	
3728	97		0	
3729	119		0	
3730	190		1	
3731	84		0	
3732	38		0	
3733	45		0	
3734	39		0	
3735	38		0	
3736	39		0	
3737	31		0	
3738	40		0	
3739	56		0	
3740	44		0	
3741	31		0	
3742	37		0	
3743	48		0	
3744	42		0	
3745	30		0	
3746	84		0	
3747	62		0	
3748	95		0	
3749	56		0	
3750	35		0	
3751	47		0	
3752	50		0	
3753	38		0	
3754	47		0	
3755	62		0	
3756	191		0	
3757	100		0	
3758	111		0	
3759	165		0	
3760	106		0	
3761	256		19	
3762	168		0	
3763	159		0	
3764	228		0	
3765	174		0	
3766	38		0	
3767	76		0	
3768	60		0	
3769	132		0	
3770	70		0	
3771	55		0	
3772	78		0	
3773	149		0	
3774	74		0	
3775	55		0	
3776	69		0	
3777	123		0	
3778	89		0	
3779	56		0	
3780	124		0	
3781	115		0	
3782	139		0	
3783	76		0	
3784	48		0	
3785	41		0	
3786	59		0	
3787	61		0	
3788	56		0	
3789	55		0	
3790	114		0	
3791	84		0	
3792	49		0	
3793	98		0	
3794	73		0	
3795	147		0	
3796	101		0	
3797	122		0	
3798	153		0	
3799	255		0	
3800	104		0	
3801	158		0	
3802	144		0	
3803	189		0	
3804	156		0	
3805	147		0	
3806	141		0	
3807	164		0	
3808	179		0	
3809	156		0	
3810	145		0	
3811	140		0	
3812	224		0	
3813	177		0	
3814	161		0	
3815	194		0	
3816	256		12	
3817	256		13	
3818	256		10	
3819	256		11	
3820	256		10	
3821	256		0	
3822	256		10	
3823	256		5	
3824	256		17	
3825	256		18	
3826	256		20	
3827	256		4	
3828	256		23	
3829	256		24	
3830	256		15	
3831	256		11	
3832	256		17	
3833	256		16	
3834	81		0	
3835	35		0	
3836	40		0	
3837	74		0	
3838	35		0	
3839	33		0	
3840	84		0	
3841	100		0	
3842	92		0	
3843	42		0	
3844	51		0	
3845	71		0	
3846	101		0	
3847	99		0	
3848	160		0	
3849	120		0	
3850	186		0	
3851	38		0	
3852	36		0	
3853	32		0	
3854	92		0	
3855	56		0	
3856	42		0	
3857	135		0	
3858	116		0	
3859	139		0	
3860	36		0	
3861	124		0	
3862	140		0	
3863	178		0	
3864	179		0	
3865	138		0	
3866	168		0	
3867	193		0	
3868	55		0	
3869	60		0	
3870	47		0	
3871	39		0	
3872	50		0	
3873	50		0	
3874	38		0	
3875	71		0	
3876	106		0	
3877	42		0	
3878	64		0	
3879	27		0	
3880	97		0	
3881	61		0	
3882	63		0	
3883	88		0	
3884	75		0	
3885	81		0	
3886	42		0	
3887	56		0	
3888	37		0	
3889	69		0	
3890	51		0	
3891	66		0	
3892	84		0	
3893	121		0	
3894	119		0	
3895	123		0	
3896	120		0	
3897	158		0	
3898	165		0	
3899	141		0	
3900	175		0	
3901	170		0	
3902	135		0	
3903	38		0	
3904	37		0	
3905	42		0	
3906	40		0	
3907	45		0	
3908	29		0	
3909	35		0	
3910	81		0	
3911	43		0	
3912	41		0	
3913	38		0	
3914	64		0	
3915	58		0	
3916	31		0	
3917	61		0	
3918	84		0	
3919	49		0	
3920	46		0	
3921	52		0	
3922	26		0	
3923	42		0	
3924	38		0	
3925	34		0	
3926	39		0	
3927	119		0	
3928	52		0	
3929	45		0	
3930	42		0	
3931	52		0	
3932	81		0	
3933	39		0	
3934	66		0	
3935	87		0	
3936	100		0	
3937	42		0	
3938	43		0	
3939	39		0	
3940	29		0	
3941	39		0	
3942	27		0	
3943	49		0	
3944	61		0	
3945	76		0	
3946	44		0	
3947	38		0	
3948	33		0	
3949	89		0	
3950	40		0	
3951	62		0	
3952	72		0	
3953	83		0	
3954	37		0	
3955	40		0	
3956	39		0	
3957	58		0	
3958	54		0	
3959	38		0	
3960	256		279	
3961	74		0	
3962	94		0	
3963	76		0	
3964	97		0	
3965	130		0	
3966	138		0	
3967	162		0	
3968	163		0	
3969	205		0	
3970	177		0	
3971	31		0	
3972	43		0	
3973	38		0	
3974	34		0	
3975	39		0	
3976	44		0	
3977	37		0	
3978	256		256	
3979	49		0	
3980	30		0	
3981	26		0	
3982	33		0	
3983	45		0	
3984	31		0	
3985	53		0	
3986	36		0	
3987	47		0	
3988	57		0	
3989	35		0	
3990	34		0	
3991	41		0	
3992	26		0	
3993	32		0	
3994	42		0	
3995	37		0	
3996	39		0	
3997	34		0	
3998	42		0	
3999	41		0	
4000	37		0	
4001	45		0	
4002	37		0	
4003	34		0	
4004	48		0	
4005	34		0	
4006	48		0	
4007	46		0	
4008	37		0	
4009	36		0	
4010	38		0	
4011	37		0	
4012	55		0	
4013	34		0	
4014	38		0	
4015	38		0	
4016	45		0	
4017	37		0	
4018	42		0	
4019	41		0	
4020	35		0	
4021	256		271	
4022	47		0	
4023	39		0	
4024	32		0	
4025	38		0	
4026	41		0	
4027	43		0	
4028	46		0	
4029	47		0	
4030	85		0	
4031	45		0	
4032	35		0	
4033	43		0	
4034	256		268	
4035	44		0	
4036	37		0	
4037	68		0	
4038	92		0	
4039	69		0	
4040	43		0	
4041	32		0	
4042	39		0	
4043	48		0	
4044	33		0	
4045	42		0	
4046	38		0	
4047	33		0	
4048	33		0	
4049	256		272	
4050	38		0	
4051	42		0	
4052	33		0	
4053	37		0	
4054	256		269	
4055	43		0	
4056	39		0	
4057	43		0	
4058	256		275	
4059	256		260	
4060	42		0	
4061	45		0	
4062	47		0	
4063	47		0	
4064	37		0	
4065	39		0	
4066	46		0	
4067	37		0	
4068	42		0	
4069	37		0	
4070	57		0	
4071	58		0	
4072	43		0	
4073	37		0	
4074	256		275	
4075	34		0	
4076	35		0	
4077	44		0	
4078	43		0	
4079	256		258	
4080	40		0	
4081	38		0	
4082	36		0	
4083	256		273	
4084	256		262	
4085	256		268	
4086	256		276	
4087	53		0	
4088	256		260	
4089	48		0	
4090	47		0	
4091	43		0	
4092	50		0	
4093	33		0	
4094	256		47	
4095	49		0	
4096	56		0	
4097	48		0	
4098	49		0	
4099	61		0	
4100	88		0	
4101	256		273	
4102	79		0	
4103	107		0	
4104	206		0	
4105	256		260	
4106	218		0	
4107	188		0	
4108	40		0	
4109	256		274	
4110	256		81	
4111	256		268	
4112	256		270	
4113	256		264	
4114	46		0	
4115	256		248	
4116	53		0	
4117	256		277	
4118	39		0	
4119	256		276	
4120	256		263	
4121	41		1	
4122	256		277	
4123	41		0	
4124	45		0	
4125	256		271	
4126	256		251	
4127	256		270	
4128	38		0	
4129	48		0	
4130	49		0	
4131	43		0	
4132	256		261	
4133	256		262	
4134	256		276	
4135	256		233	
4136	34		0	
4137	256		273	
4138	50		0	
4139	256		259	
4140	256		246	
4141	256		256	
4142	256		257	
4143	256		275	
4144	40		0	
4145	256		257	
4146	0		0	
4147	256		265	
4148	256		246	
4149	38		0	
4150	256		269	
4151	42		0	
4152	41		0	
4153	256		271	
4154	256		261	
4155	256		248	
4156	54		0	
4157	256		257	
4158	53		0	
4159	256		269	
4160	256		267	
4161	256		247	
4162	256		268	
4163	256		250	
4164	256		265	
4165	256		242	
4166	256		255	
4167	256		262	
4168	256		258	
4169	256		266	
4170	256		263	
4171	256		239	
4172	256		238	
4173	256		243	
4174	256		240	
4175	256		236	
4176	256		237	
4177	45		0	
4178	256		260	
4179	256		249	
4180	256		263	
4181	256		252	
4182	55		0	
4183	42		0	
4184	256		239	
4185	256		238	
4186	256		267	
4187	256		269	
4188	256		246	
4189	256		267	
4190	51		0	
4191	256		255	
4192	256		260	
4193	256		261	
4194	256		221	
4195	256		237	
4196	256		248	
4197	256		248	
4198	256		260	
4199	256		249	
4200	256		247	
4201	256		253	
4202	256		237	
4203	256		260	
4204	256		237	
4205	256		246	
4206	256		254	
4207	256		230	
4208	256		247	
4209	256		233	
4210	256		236	
4211	256		242	
4212	256		259	
4213	256		224	
4214	256		243	
4215	256		223	
4216	256		210	
4217	256		241	
4218	256		256	
4219	256		251	
4220	256		231	
4221	256		246	
4222	256		247	
4223	256		254	
4224	256		238	
4225	256		231	
4226	256		208	
4227	256		256	
4228	256		250	
4229	256		241	
4230	256		244	
4231	256		243	
4232	256		240	
4233	256		228	
4234	256		231	
4235	256		240	
4236	256		232	
4237	256		236	
4238	256		256	
4239	256		250	
4240	256		256	
4241	256		251	
4242	256		256	
4243	256		230	
4244	256		234	
4245	256		256	
4246	256		256	
4247	256		242	
4248	256		256	
4249	256		242	
4250	256		221	
4251	256		238	
4252	256		245	
4253	256		217	
4254	256		240	
4255	256		240	
4256	256		256	
4257	256		255	
4258	256		250	
4259	256		195	
4260	256		252	
4261	256		231	
4262	256		248	
4263	256		251	
4264	256		224	
4265	256		224	
4266	256		239	
4267	256		236	
4268	256		231	
4269	256		252	
4270	256		249	
4271	256		246	
4272	256		245	
4273	256		256	
4274	256		235	
4275	256		249	
4276	256		251	
4277	256		233	
4278	256		256	
4279	256		256	
4280	256		228	
4281	256		256	
4282	256		256	
4283	256		256	
4284	256		216	
4285	256		250	
4286	256		248	
4287	256		225	
4288	256		228	
4289	256		237	
4290	256		226	
4291	256		240	
4292	256		256	
4293	256		226	
4294	256		235	
4295	256		252	
4296	256		231	
4297	256		222	
4298	256		220	
4299	256		240	
4300	256		250	
4301	256		256	
4302	256		234	
4303	256		229	
4304	256		236	
4305	256		237	
4306	256		219	
4307	256		252	
4308	256		228	
4309	256		256	
4310	256		244	
4311	256		256	
4312	256		225	
4313	256		240	
4314	256		230	
4315	256		251	
4316	256		239	
4317	256		223	
4318	256		246	
4319	256		243	
4320	256		256	
4321	256		225	
4322	256		221	
4323	256		245	
4324	256		211	
4325	256		222	
4326	256		243	
4327	256		239	
4328	256		250	
4329	256		256	
4330	256		256	
4331	256		242	
4332	256		220	
4333	256		245	
4334	256		220	
4335	256		250	
4336	256		249	
4337	256		239	
4338	256		254	
4339	256		252	
4340	256		218	
4341	256		256	
4342	256		256	
4343	256		256	
4344	256		227	
4345	256		237	
4346	256		243	
4347	256		256	
4348	256		241	
4349	256		239	
4350	256		249	
4351	256		221	
4352	256		247	
4353	256		238	
4354	256		255	
4355	256		254	
4356	256		213	
4357	256		254	
4358	256		249	
4359	256		256	
4360	256		250	
4361	256		251	
4362	256		231	
4363	256		236	
4364	256		256	
4365	256		241	
4366	256		243	
4367	256		246	
4368	256		256	
4369	256		256	
4370	256		235	
4371	256		256	
4372	256		228	
4373	256		256	
4374	256		228	
4375	256		242	
4376	256		256	
4377	256		236	
4378	256		243	
4379	256		251	
4380	256		237	
4381	256		241	
4382	0		0	
